{
 "cells": [
  {
   "cell_type": "markdown",
   "metadata": {},
   "source": [
    "# 探究性数据分析"
   ]
  },
  {
   "cell_type": "code",
   "execution_count": 3,
   "metadata": {},
   "outputs": [
    {
     "data": {
      "text/html": [
       "<script>requirejs.config({paths: { 'plotly': ['https://cdn.plot.ly/plotly-latest.min']},});if(!window.Plotly) {{require(['plotly'],function(plotly) {window.Plotly=plotly;});}}</script>"
      ],
      "text/vnd.plotly.v1+html": [
       "<script>requirejs.config({paths: { 'plotly': ['https://cdn.plot.ly/plotly-latest.min']},});if(!window.Plotly) {{require(['plotly'],function(plotly) {window.Plotly=plotly;});}}</script>"
      ]
     },
     "metadata": {},
     "output_type": "display_data"
    }
   ],
   "source": [
    "\n",
    "\n",
    "from sklearn.ensemble import RandomForestRegressor\n",
    "from sklearn.model_selection import cross_val_score, ShuffleSplit\n",
    "\n",
    "from plotly import __version__\n",
    "from plotly.offline import download_plotlyjs, init_notebook_mode, plot, iplot\n",
    "import plotly.graph_objs as go\n",
    "from plotly import tools\n",
    "\n",
    "import matplotlib.pyplot as plt\n",
    "import seaborn as sns\n",
    "%matplotlib inline\n",
    "\n",
    "init_notebook_mode(connected=True)"
   ]
  },
  {
   "cell_type": "code",
   "execution_count": 5,
   "metadata": {
    "collapsed": true
   },
   "outputs": [],
   "source": [
    "import numpy as np \n",
    "import pandas as pd \n",
    "df = pd.read_csv(r\"C:/ML/project/chem/train.csv\")\n",
    "test = pd.read_csv(r\"C:/ML/project/chem/test.csv\")\n",
    "\n",
    "features = list(set(df.columns.tolist()) - set(['formation_energy_ev_natom', 'bandgap_energy_ev', 'id']))\n",
    "targets = ['formation_energy_ev_natom', 'bandgap_energy_ev']\n"
   ]
  },
  {
   "cell_type": "markdown",
   "metadata": {},
   "source": [
    "### 皮尔逊相关系数"
   ]
  },
  {
   "cell_type": "code",
   "execution_count": 7,
   "metadata": {},
   "outputs": [
    {
     "data": {
      "application/vnd.plotly.v1+json": {
       "data": [
        {
         "showscale": true,
         "type": "heatmap",
         "x": [
          "percent_atom_al",
          "lattice_vector_2_ang",
          "lattice_angle_alpha_degree",
          "number_of_total_atoms",
          "lattice_vector_1_ang",
          "percent_atom_in",
          "lattice_vector_3_ang",
          "percent_atom_ga",
          "spacegroup",
          "lattice_angle_gamma_degree",
          "lattice_angle_beta_degree"
         ],
         "y": [
          "percent_atom_al",
          "lattice_vector_2_ang",
          "lattice_angle_alpha_degree",
          "number_of_total_atoms",
          "lattice_vector_1_ang",
          "percent_atom_in",
          "lattice_vector_3_ang",
          "percent_atom_ga",
          "spacegroup",
          "lattice_angle_gamma_degree",
          "lattice_angle_beta_degree"
         ],
         "z": [
          [
           1,
           -0.1796037943645472,
           0.01918258037157132,
           -0.10602161447228453,
           -0.15438679580952772,
           -0.6093001189121267,
           0.03226119675597926,
           -0.45012225452305255,
           0.05226777932484192,
           -0.01917502394575557,
           -0.09942763864575048
          ],
          [
           -0.1796037943645472,
           1,
           -0.11420887012420926,
           0.651364200788121,
           -0.017116583991232354,
           0.2924721933056767,
           -0.25617972561746943,
           -0.12528528468223402,
           -0.012210913625050217,
           -0.146586314259522,
           -0.3657094267780516
          ],
          [
           0.01918258037157132,
           -0.11420887012420926,
           1,
           -0.17204740685642736,
           0.0027390328243797383,
           -0.019929377532331285,
           0.07183431265998239,
           0.0006484501153186967,
           0.18391589080790066,
           -0.4466935776092656,
           0.18914423270225417
          ],
          [
           -0.10602161447228453,
           0.651364200788121,
           -0.17204740685642736,
           1,
           0.39791679774010447,
           0.11765667231481276,
           -0.0026561537033549997,
           -0.012030389909680864,
           -0.13753448048073544,
           0.055686678751148216,
           0.03942522467415199
          ],
          [
           -0.15438679580952772,
           -0.017116583991232354,
           0.0027390328243797383,
           0.39791679774010447,
           1,
           0.06676132983776058,
           -0.5603874745142062,
           0.10024448776968291,
           -0.570607050074031,
           -0.3037075843050212,
           0.8500791861465687
          ],
          [
           -0.6093001189121267,
           0.2924721933056767,
           -0.019929377532331285,
           0.11765667231481276,
           0.06676132983776058,
           1,
           -0.010865794198292493,
           -0.4338093790209924,
           -0.005619919345639475,
           0.01025901188740166,
           -0.013932611874824384
          ],
          [
           0.03226119675597926,
           -0.25617972561746943,
           0.07183431265998239,
           -0.0026561537033549997,
           -0.5603874745142062,
           -0.010865794198292493,
           1,
           -0.024424125582376017,
           0.5697551831253915,
           0.3282740283323229,
           -0.4712282848696603
          ],
          [
           -0.45012225452305255,
           -0.12528528468223402,
           0.0006484501153186967,
           -0.012030389909680864,
           0.10024448776968291,
           -0.4338093790209924,
           -0.024424125582376017,
           1,
           -0.053061214153967286,
           0.010230445660031487,
           0.12866906979781265
          ],
          [
           0.05226777932484192,
           -0.012210913625050217,
           0.18391589080790066,
           -0.13753448048073544,
           -0.570607050074031,
           -0.005619919345639475,
           0.5697551831253915,
           -0.053061214153967286,
           1,
           -0.007699860692186195,
           -0.5846612189078824
          ],
          [
           -0.01917502394575557,
           -0.146586314259522,
           -0.4466935776092656,
           0.055686678751148216,
           -0.3037075843050212,
           0.01025901188740166,
           0.3282740283323229,
           0.010230445660031487,
           -0.007699860692186195,
           1,
           -0.1953191786408657
          ],
          [
           -0.09942763864575048,
           -0.3657094267780516,
           0.18914423270225417,
           0.03942522467415199,
           0.8500791861465687,
           -0.013932611874824384,
           -0.4712282848696603,
           0.12866906979781265,
           -0.5846612189078824,
           -0.1953191786408657,
           1
          ]
         ],
         "zmax": 1,
         "zmin": -1
        }
       ],
       "layout": {
        "autosize": false,
        "height": 750,
        "title": "correlation heatmap- Features",
        "width": 750,
        "xaxis": {
         "showticklabels": false,
         "tickangle": 90,
         "tickfont": {
          "size": 4
         },
         "ticks": "",
         "title": "Features",
         "titlefont": {
          "size": 18
         }
        },
        "yaxis": {
         "showticklabels": false,
         "tickangle": 0,
         "tickfont": {
          "size": 0
         },
         "ticks": "",
         "title": "Features",
         "titlefont": {
          "size": 18
         }
        }
       }
      },
      "text/html": [
       "<div id=\"bfa38d6c-f9d8-42ab-9223-ef417e6d3a66\" style=\"height: 750px; width: 750px;\" class=\"plotly-graph-div\"></div><script type=\"text/javascript\">require([\"plotly\"], function(Plotly) { window.PLOTLYENV=window.PLOTLYENV || {};window.PLOTLYENV.BASE_URL=\"https://plot.ly\";Plotly.newPlot(\"bfa38d6c-f9d8-42ab-9223-ef417e6d3a66\", [{\"type\": \"heatmap\", \"x\": [\"percent_atom_al\", \"lattice_vector_2_ang\", \"lattice_angle_alpha_degree\", \"number_of_total_atoms\", \"lattice_vector_1_ang\", \"percent_atom_in\", \"lattice_vector_3_ang\", \"percent_atom_ga\", \"spacegroup\", \"lattice_angle_gamma_degree\", \"lattice_angle_beta_degree\"], \"y\": [\"percent_atom_al\", \"lattice_vector_2_ang\", \"lattice_angle_alpha_degree\", \"number_of_total_atoms\", \"lattice_vector_1_ang\", \"percent_atom_in\", \"lattice_vector_3_ang\", \"percent_atom_ga\", \"spacegroup\", \"lattice_angle_gamma_degree\", \"lattice_angle_beta_degree\"], \"z\": [[1.0, -0.1796037943645472, 0.01918258037157132, -0.10602161447228453, -0.15438679580952772, -0.6093001189121267, 0.03226119675597926, -0.45012225452305255, 0.05226777932484192, -0.01917502394575557, -0.09942763864575048], [-0.1796037943645472, 1.0, -0.11420887012420926, 0.651364200788121, -0.017116583991232354, 0.2924721933056767, -0.25617972561746943, -0.12528528468223402, -0.012210913625050217, -0.146586314259522, -0.3657094267780516], [0.01918258037157132, -0.11420887012420926, 1.0, -0.17204740685642736, 0.0027390328243797383, -0.019929377532331285, 0.07183431265998239, 0.0006484501153186967, 0.18391589080790066, -0.4466935776092656, 0.18914423270225417], [-0.10602161447228453, 0.651364200788121, -0.17204740685642736, 1.0, 0.39791679774010447, 0.11765667231481276, -0.0026561537033549997, -0.012030389909680864, -0.13753448048073544, 0.055686678751148216, 0.03942522467415199], [-0.15438679580952772, -0.017116583991232354, 0.0027390328243797383, 0.39791679774010447, 1.0, 0.06676132983776058, -0.5603874745142062, 0.10024448776968291, -0.570607050074031, -0.3037075843050212, 0.8500791861465687], [-0.6093001189121267, 0.2924721933056767, -0.019929377532331285, 0.11765667231481276, 0.06676132983776058, 1.0, -0.010865794198292493, -0.4338093790209924, -0.005619919345639475, 0.01025901188740166, -0.013932611874824384], [0.03226119675597926, -0.25617972561746943, 0.07183431265998239, -0.0026561537033549997, -0.5603874745142062, -0.010865794198292493, 1.0, -0.024424125582376017, 0.5697551831253915, 0.3282740283323229, -0.4712282848696603], [-0.45012225452305255, -0.12528528468223402, 0.0006484501153186967, -0.012030389909680864, 0.10024448776968291, -0.4338093790209924, -0.024424125582376017, 1.0, -0.053061214153967286, 0.010230445660031487, 0.12866906979781265], [0.05226777932484192, -0.012210913625050217, 0.18391589080790066, -0.13753448048073544, -0.570607050074031, -0.005619919345639475, 0.5697551831253915, -0.053061214153967286, 1.0, -0.007699860692186195, -0.5846612189078824], [-0.01917502394575557, -0.146586314259522, -0.4466935776092656, 0.055686678751148216, -0.3037075843050212, 0.01025901188740166, 0.3282740283323229, 0.010230445660031487, -0.007699860692186195, 1.0, -0.1953191786408657], [-0.09942763864575048, -0.3657094267780516, 0.18914423270225417, 0.03942522467415199, 0.8500791861465687, -0.013932611874824384, -0.4712282848696603, 0.12866906979781265, -0.5846612189078824, -0.1953191786408657, 1.0]], \"showscale\": true, \"zmin\": -1, \"zmax\": 1}], {\"title\": \"correlation heatmap- Features\", \"xaxis\": {\"title\": \"Features\", \"titlefont\": {\"size\": 18}, \"showticklabels\": false, \"ticks\": \"\", \"tickangle\": 90, \"tickfont\": {\"size\": 4}}, \"yaxis\": {\"title\": \"Features\", \"titlefont\": {\"size\": 18}, \"showticklabels\": false, \"ticks\": \"\", \"tickangle\": 0, \"tickfont\": {\"size\": 0}}, \"width\": 750, \"height\": 750, \"autosize\": false}, {\"showLink\": true, \"linkText\": \"Export to plot.ly\"})});</script>"
      ],
      "text/vnd.plotly.v1+html": [
       "<div id=\"bfa38d6c-f9d8-42ab-9223-ef417e6d3a66\" style=\"height: 750px; width: 750px;\" class=\"plotly-graph-div\"></div><script type=\"text/javascript\">require([\"plotly\"], function(Plotly) { window.PLOTLYENV=window.PLOTLYENV || {};window.PLOTLYENV.BASE_URL=\"https://plot.ly\";Plotly.newPlot(\"bfa38d6c-f9d8-42ab-9223-ef417e6d3a66\", [{\"type\": \"heatmap\", \"x\": [\"percent_atom_al\", \"lattice_vector_2_ang\", \"lattice_angle_alpha_degree\", \"number_of_total_atoms\", \"lattice_vector_1_ang\", \"percent_atom_in\", \"lattice_vector_3_ang\", \"percent_atom_ga\", \"spacegroup\", \"lattice_angle_gamma_degree\", \"lattice_angle_beta_degree\"], \"y\": [\"percent_atom_al\", \"lattice_vector_2_ang\", \"lattice_angle_alpha_degree\", \"number_of_total_atoms\", \"lattice_vector_1_ang\", \"percent_atom_in\", \"lattice_vector_3_ang\", \"percent_atom_ga\", \"spacegroup\", \"lattice_angle_gamma_degree\", \"lattice_angle_beta_degree\"], \"z\": [[1.0, -0.1796037943645472, 0.01918258037157132, -0.10602161447228453, -0.15438679580952772, -0.6093001189121267, 0.03226119675597926, -0.45012225452305255, 0.05226777932484192, -0.01917502394575557, -0.09942763864575048], [-0.1796037943645472, 1.0, -0.11420887012420926, 0.651364200788121, -0.017116583991232354, 0.2924721933056767, -0.25617972561746943, -0.12528528468223402, -0.012210913625050217, -0.146586314259522, -0.3657094267780516], [0.01918258037157132, -0.11420887012420926, 1.0, -0.17204740685642736, 0.0027390328243797383, -0.019929377532331285, 0.07183431265998239, 0.0006484501153186967, 0.18391589080790066, -0.4466935776092656, 0.18914423270225417], [-0.10602161447228453, 0.651364200788121, -0.17204740685642736, 1.0, 0.39791679774010447, 0.11765667231481276, -0.0026561537033549997, -0.012030389909680864, -0.13753448048073544, 0.055686678751148216, 0.03942522467415199], [-0.15438679580952772, -0.017116583991232354, 0.0027390328243797383, 0.39791679774010447, 1.0, 0.06676132983776058, -0.5603874745142062, 0.10024448776968291, -0.570607050074031, -0.3037075843050212, 0.8500791861465687], [-0.6093001189121267, 0.2924721933056767, -0.019929377532331285, 0.11765667231481276, 0.06676132983776058, 1.0, -0.010865794198292493, -0.4338093790209924, -0.005619919345639475, 0.01025901188740166, -0.013932611874824384], [0.03226119675597926, -0.25617972561746943, 0.07183431265998239, -0.0026561537033549997, -0.5603874745142062, -0.010865794198292493, 1.0, -0.024424125582376017, 0.5697551831253915, 0.3282740283323229, -0.4712282848696603], [-0.45012225452305255, -0.12528528468223402, 0.0006484501153186967, -0.012030389909680864, 0.10024448776968291, -0.4338093790209924, -0.024424125582376017, 1.0, -0.053061214153967286, 0.010230445660031487, 0.12866906979781265], [0.05226777932484192, -0.012210913625050217, 0.18391589080790066, -0.13753448048073544, -0.570607050074031, -0.005619919345639475, 0.5697551831253915, -0.053061214153967286, 1.0, -0.007699860692186195, -0.5846612189078824], [-0.01917502394575557, -0.146586314259522, -0.4466935776092656, 0.055686678751148216, -0.3037075843050212, 0.01025901188740166, 0.3282740283323229, 0.010230445660031487, -0.007699860692186195, 1.0, -0.1953191786408657], [-0.09942763864575048, -0.3657094267780516, 0.18914423270225417, 0.03942522467415199, 0.8500791861465687, -0.013932611874824384, -0.4712282848696603, 0.12866906979781265, -0.5846612189078824, -0.1953191786408657, 1.0]], \"showscale\": true, \"zmin\": -1, \"zmax\": 1}], {\"title\": \"correlation heatmap- Features\", \"xaxis\": {\"title\": \"Features\", \"titlefont\": {\"size\": 18}, \"showticklabels\": false, \"ticks\": \"\", \"tickangle\": 90, \"tickfont\": {\"size\": 4}}, \"yaxis\": {\"title\": \"Features\", \"titlefont\": {\"size\": 18}, \"showticklabels\": false, \"ticks\": \"\", \"tickangle\": 0, \"tickfont\": {\"size\": 0}}, \"width\": 750, \"height\": 750, \"autosize\": false}, {\"showLink\": true, \"linkText\": \"Export to plot.ly\"})});</script>"
      ]
     },
     "metadata": {},
     "output_type": "display_data"
    }
   ],
   "source": [
    "corr_df = df[features].corr()\n",
    "\n",
    "data1 = [go.Heatmap(x=features,\n",
    "                    y=features,\n",
    "                    z=corr_df.values,\n",
    "                   showscale = True,\n",
    "                   zmin=-1, zmax=1)]\n",
    "\n",
    "layout = dict(title=\"correlation heatmap- Features\", \n",
    "                xaxis=dict(\n",
    "        title='Features',\n",
    "        titlefont=dict(\n",
    "            size=18,\n",
    "        ),\n",
    "        showticklabels=False,\n",
    "        ticks=\"\",\n",
    "        tickangle=90,\n",
    "        tickfont=dict(\n",
    "            size=4,\n",
    "        ),\n",
    "                \n",
    "    ),\n",
    "    yaxis=dict(\n",
    "        title='Features',\n",
    "        titlefont=dict(\n",
    "            size=18,\n",
    "        ),\n",
    "        showticklabels=False,\n",
    "        ticks=\"\",\n",
    "        tickangle=0,\n",
    "        tickfont=dict(\n",
    "            size=0,\n",
    "        ),\n",
    "    ),\n",
    "    width = 750, height = 750,\n",
    "    autosize = False )\n",
    "\n",
    "figure = dict(data=data1,layout=layout)\n",
    "iplot(figure)"
   ]
  },
  {
   "cell_type": "code",
   "execution_count": 8,
   "metadata": {},
   "outputs": [
    {
     "data": {
      "application/vnd.plotly.v1+json": {
       "data": [
        {
         "type": "heatmap",
         "x": [
          "percent_atom_al",
          "lattice_vector_2_ang",
          "lattice_angle_alpha_degree",
          "number_of_total_atoms",
          "lattice_vector_1_ang",
          "percent_atom_in",
          "lattice_vector_3_ang",
          "percent_atom_ga",
          "spacegroup",
          "lattice_angle_gamma_degree",
          "lattice_angle_beta_degree"
         ],
         "y": [
          "formation_energy_ev_natom",
          "bandgap_energy_ev"
         ],
         "z": [
          [
           0.10848095512041232,
           -0.10413651244370618,
           0.09927704259212644,
           -0.04863110815665671,
           -0.22560007389235923,
           0.22338316103741168,
           0.4546793825694865,
           -0.37481704148234946,
           0.32492742761515125,
           -0.03514826317502195,
           -0.21365114752198783
          ],
          [
           0.7386223866123401,
           -0.12746123463462133,
           -0.0723129998531494,
           -0.10612466860431197,
           -0.13890129723333802,
           -0.7566684528796936,
           -0.15686529850919004,
           0.012831134191267045,
           -0.07272534167624366,
           0.13328523787557392,
           -0.0770476394120803
          ]
         ]
        }
       ],
       "layout": {
        "autosize": false,
        "height": 275,
        "title": "Correlation heatmap",
        "width": 750,
        "xaxis": {
         "showticklabels": false,
         "tickangle": 90,
         "tickfont": {
          "size": 4
         },
         "ticks": "",
         "title": "Features",
         "titlefont": {
          "size": 18
         }
        },
        "yaxis": {
         "showticklabels": false,
         "tickangle": 0,
         "tickfont": {
          "size": 4
         },
         "ticks": "",
         "title": "Targets",
         "titlefont": {
          "size": 18
         }
        }
       }
      },
      "text/html": [
       "<div id=\"50de1584-6bf5-4ffe-b747-2bbd865b1124\" style=\"height: 275px; width: 750px;\" class=\"plotly-graph-div\"></div><script type=\"text/javascript\">require([\"plotly\"], function(Plotly) { window.PLOTLYENV=window.PLOTLYENV || {};window.PLOTLYENV.BASE_URL=\"https://plot.ly\";Plotly.newPlot(\"50de1584-6bf5-4ffe-b747-2bbd865b1124\", [{\"type\": \"heatmap\", \"x\": [\"percent_atom_al\", \"lattice_vector_2_ang\", \"lattice_angle_alpha_degree\", \"number_of_total_atoms\", \"lattice_vector_1_ang\", \"percent_atom_in\", \"lattice_vector_3_ang\", \"percent_atom_ga\", \"spacegroup\", \"lattice_angle_gamma_degree\", \"lattice_angle_beta_degree\"], \"y\": [\"formation_energy_ev_natom\", \"bandgap_energy_ev\"], \"z\": [[0.10848095512041232, -0.10413651244370618, 0.09927704259212644, -0.04863110815665671, -0.22560007389235923, 0.22338316103741168, 0.4546793825694865, -0.37481704148234946, 0.32492742761515125, -0.03514826317502195, -0.21365114752198783], [0.7386223866123401, -0.12746123463462133, -0.0723129998531494, -0.10612466860431197, -0.13890129723333802, -0.7566684528796936, -0.15686529850919004, 0.012831134191267045, -0.07272534167624366, 0.13328523787557392, -0.0770476394120803]]}], {\"title\": \"Correlation heatmap\", \"xaxis\": {\"title\": \"Features\", \"titlefont\": {\"size\": 18}, \"showticklabels\": false, \"tickangle\": 90, \"ticks\": \"\", \"tickfont\": {\"size\": 4}}, \"yaxis\": {\"title\": \"Targets\", \"titlefont\": {\"size\": 18}, \"showticklabels\": false, \"tickangle\": 0, \"ticks\": \"\", \"tickfont\": {\"size\": 4}}, \"width\": 750, \"height\": 275, \"autosize\": false}, {\"showLink\": true, \"linkText\": \"Export to plot.ly\"})});</script>"
      ],
      "text/vnd.plotly.v1+html": [
       "<div id=\"50de1584-6bf5-4ffe-b747-2bbd865b1124\" style=\"height: 275px; width: 750px;\" class=\"plotly-graph-div\"></div><script type=\"text/javascript\">require([\"plotly\"], function(Plotly) { window.PLOTLYENV=window.PLOTLYENV || {};window.PLOTLYENV.BASE_URL=\"https://plot.ly\";Plotly.newPlot(\"50de1584-6bf5-4ffe-b747-2bbd865b1124\", [{\"type\": \"heatmap\", \"x\": [\"percent_atom_al\", \"lattice_vector_2_ang\", \"lattice_angle_alpha_degree\", \"number_of_total_atoms\", \"lattice_vector_1_ang\", \"percent_atom_in\", \"lattice_vector_3_ang\", \"percent_atom_ga\", \"spacegroup\", \"lattice_angle_gamma_degree\", \"lattice_angle_beta_degree\"], \"y\": [\"formation_energy_ev_natom\", \"bandgap_energy_ev\"], \"z\": [[0.10848095512041232, -0.10413651244370618, 0.09927704259212644, -0.04863110815665671, -0.22560007389235923, 0.22338316103741168, 0.4546793825694865, -0.37481704148234946, 0.32492742761515125, -0.03514826317502195, -0.21365114752198783], [0.7386223866123401, -0.12746123463462133, -0.0723129998531494, -0.10612466860431197, -0.13890129723333802, -0.7566684528796936, -0.15686529850919004, 0.012831134191267045, -0.07272534167624366, 0.13328523787557392, -0.0770476394120803]]}], {\"title\": \"Correlation heatmap\", \"xaxis\": {\"title\": \"Features\", \"titlefont\": {\"size\": 18}, \"showticklabels\": false, \"tickangle\": 90, \"ticks\": \"\", \"tickfont\": {\"size\": 4}}, \"yaxis\": {\"title\": \"Targets\", \"titlefont\": {\"size\": 18}, \"showticklabels\": false, \"tickangle\": 0, \"ticks\": \"\", \"tickfont\": {\"size\": 4}}, \"width\": 750, \"height\": 275, \"autosize\": false}, {\"showLink\": true, \"linkText\": \"Export to plot.ly\"})});</script>"
      ]
     },
     "metadata": {},
     "output_type": "display_data"
    }
   ],
   "source": [
    "corr = df[list(set(features)|set(['formation_energy_ev_natom','bandgap_energy_ev']))].corr()\n",
    "\n",
    "data2 = [go.Heatmap(x=features,\n",
    "                   y=targets,\n",
    "                   z=corr.loc[targets, features].values)]\n",
    "\n",
    "layout2 = dict(title=\"Correlation heatmap\", \n",
    "                xaxis=dict(\n",
    "        title='Features',\n",
    "        titlefont=dict(\n",
    "            size=18,\n",
    "        ),\n",
    "        showticklabels=False,\n",
    "        tickangle=90,\n",
    "        ticks=\"\",\n",
    "        tickfont=dict(\n",
    "            size=4,\n",
    "        ),\n",
    "                \n",
    "    ),\n",
    "    yaxis=dict(\n",
    "        title='Targets',\n",
    "        titlefont=dict(\n",
    "            size=18,\n",
    "        ),\n",
    "        showticklabels=False,\n",
    "        tickangle=0,\n",
    "        ticks=\"\",\n",
    "        tickfont=dict(\n",
    "            size=4,\n",
    "        ),\n",
    "    ),\n",
    "    width = 750, height = 275,\n",
    "    autosize = False )\n",
    "\n",
    "figure2 = dict(data=data2,layout=layout2)\n",
    "iplot(figure2)"
   ]
  },
  {
   "cell_type": "markdown",
   "metadata": {},
   "source": [
    "研究特征与特征，特征与目标之间的相关度，对于我们了解数据的特征，进行特征选择有很大的帮助，一般来说，我们会尽量在相关度大的特征之间进行取舍，剔除对目标影响较小的那个，或者将相关度较高的特征进行改造结合，而对于与目标相关度较高的特征，我们会更加关注它，试验它。\n",
    "通过上图，我们可以发现：\n",
    "1.Lattice_vector_1与lattice_angle_beta_degree高度相关，我们很有可能从它们两者的结合探索出新的特征。根据特征与目标的相关度图，我们选择与目标相关性最高的特征入手分析，通过交叉验证的方法来试验在加入或删除这些特征的前后，对于最终得到的结果有什么影响，从而有利于特征选择。\n",
    "2.带隙能量与原子百分数高度相关，所以在之后的分子中会着重关注这个变量对于目标的影响。\n",
    "3.形成能量与lattice_vector_3_ang高度相关，但与其他特征相关性较弱，在之后的分析中也会着重探究这个特征的影响。"
   ]
  },
  {
   "cell_type": "markdown",
   "metadata": {},
   "source": [
    "### 晶格矢量与带隙能量的关系"
   ]
  },
  {
   "cell_type": "code",
   "execution_count": 10,
   "metadata": {},
   "outputs": [
    {
     "data": {
      "application/vnd.plotly.v1+json": {
       "data": [
        {
         "marker": {
          "color": [
           3.4387,
           2.9210000000000003,
           2.7438,
           3.3492,
           1.3793,
           2.1633,
           0.9854,
           1.7179,
           2.6257,
           2.5187,
           3.8723,
           2.8805,
           3.9039,
           2.5371,
           0.9251,
           1.5852,
           2.2913,
           1.1844,
           2.5669999999999997,
           1.5596,
           1.1365,
           3.9691,
           2.9122,
           1.1811,
           4.0371,
           3.3353,
           0.976,
           1.9672,
           1.1496,
           3.3923,
           1.546,
           0.4095,
           2.1264,
           2.4457,
           1.3632,
           1.9758,
           1.9983,
           1.3459999999999999,
           1.3392,
           0.927,
           1.5402,
           3.4388,
           2.27,
           3.9989,
           2.3055,
           2.8387,
           2.0234,
           2.5317,
           0.6786,
           3.4819,
           2.5143,
           2.9429,
           0.9961,
           1.2886,
           2.3298,
           3.7759,
           1.7358,
           2.1497,
           3.7029,
           3.8226,
           1.8387,
           2.673,
           0.36700000000000005,
           2.2593,
           2.4345,
           1.6944,
           1.8454,
           1.5678,
           2.7433,
           2.1345,
           2.5418,
           2.9752,
           1.0205,
           4.2309,
           2.3414,
           1.6372,
           3.6242,
           1.1499,
           1.3415,
           1.6822,
           2.0137,
           2.5838,
           0.9661,
           1.4285,
           2.34,
           3.4371,
           1.7088,
           3.4502,
           2.3551,
           1.8095,
           2.1964,
           0.9843,
           0.9052,
           3.1829,
           2.5485,
           3.4081,
           0.9166,
           2.7322,
           0.7631,
           3.2272,
           0.9133,
           1.9497,
           3.6786,
           3.2429,
           3.2351,
           3.1446,
           3.5738,
           1.6429,
           2.0435,
           2.0056,
           1.8474,
           1.2062,
           2.1744,
           2.508,
           4.5094,
           1.6991,
           1.1281,
           2.1189,
           2.0981,
           1.8358,
           1.0169,
           2.2377,
           3.475,
           1.4369999999999998,
           2.3018,
           1.1339,
           1.0338,
           1.6865,
           1.9135,
           2.5233,
           2.2335,
           1.6618,
           1.8691,
           0.7928,
           1.9323,
           3.3455,
           3.2971,
           5.2114,
           2.3364,
           2.5592,
           2.7698,
           1.3464,
           1.2158,
           1.2056,
           1.2841,
           1.0168,
           3.5451,
           2.6278,
           2.9037,
           1.0297,
           1.5878,
           2.5144,
           0.9384,
           4.3239,
           3.0472,
           1.4593,
           2.0491,
           1.4018,
           1.0404,
           4.2897,
           1.7931,
           1.0134,
           2.6134,
           2.3529,
           2.001,
           1.246,
           1.1435,
           1.6526,
           2.8254,
           3.7804,
           1.6062,
           1.9578,
           0.461,
           1.4338,
           0.9743,
           4.2811,
           3.2662,
           1.262,
           1.2786,
           1.8436,
           0.4109,
           1.9456,
           2.5344,
           2.4253,
           1.2053,
           1.0775,
           2.5823,
           2.2313,
           1.0964,
           1.2417,
           3.1663,
           1.5455,
           1.0193,
           3.2617,
           0.6236,
           1.5498,
           1.9743,
           2.5513,
           2.6141,
           0.9677,
           2.6453,
           1.0341,
           0.91,
           0.7935,
           2.1374,
           1.3027,
           3.3819999999999997,
           2.0563,
           1.4562,
           1.8646,
           1.9064,
           2.0724,
           1.3425,
           1.2221,
           3.1668,
           2.3949,
           3.6619,
           1.9307,
           2.8518,
           1.8048,
           1.202,
           1.52,
           1.6976,
           3.7532,
           1.4131,
           1.5381,
           4.0806,
           1.8941,
           1.6909,
           1.8403,
           1.4549,
           0.8536,
           3.1215,
           2.9986,
           0.8037,
           2.0619,
           1.9447,
           2.7164,
           3.4438,
           2.1159,
           1.1437,
           0.9439,
           2.783,
           3.0501,
           0.7994,
           1.7474,
           1.9414,
           3.2502,
           1.9292,
           1.3633,
           3.6662,
           0.2934,
           1.8181,
           3.3501,
           1.4181,
           1.5896,
           1.0845,
           1.6502,
           3.2978,
           2.6021,
           2.0494,
           1.4733,
           2.9164,
           2.2569,
           3.4166,
           2.0738,
           1.6095,
           3.3472,
           2.044,
           2.9343,
           1.8683,
           1.882,
           1.861,
           1.9715,
           1.4426,
           1.1492,
           2.1204,
           1.0487,
           3.0532,
           2.2756,
           3.0935,
           3.3074,
           2.3551,
           3.5551,
           1.5436,
           0.5288,
           2.559,
           1.4436,
           1.319,
           2.9631,
           0.8297,
           1.278,
           0.7126,
           4.6795,
           2.426,
           0.0001,
           1.3917,
           1.3776,
           1.4616,
           0.9203,
           1.7944,
           3.4323,
           1.4941,
           0.6045,
           3.2455,
           1.0036,
           0.6817,
           1.9411,
           1.3375,
           2.5656,
           0.8872,
           1.6532,
           2.7110000000000003,
           3.4993,
           2.2913,
           1.56,
           3.2901,
           0.9724,
           1.3418,
           1.1888,
           1.8922,
           2.3399,
           3.0674,
           3.0468,
           2.2578,
           3.7828,
           2.594,
           1.714,
           1.8546,
           1.5436,
           2.5705,
           1.1655,
           1.3780000000000001,
           0.8991,
           0.6863,
           2.6535,
           1.2391,
           1.0686,
           1.8368,
           1.5972,
           1.2352,
           3.5058,
           3.5488,
           1.1836,
           2.2230000000000003,
           2.0916,
           1.507,
           1.8698,
           1.5309,
           1.5656,
           3.2643,
           1.1882,
           1.4741,
           3.3219,
           2.1794,
           1.3925,
           3.0669,
           1.2398,
           3.4511,
           0.8871,
           0.8714,
           1.1659,
           2.7888,
           2.4474,
           0.8837,
           2.8080000000000003,
           1.4292,
           1.4034,
           0.9869,
           3.3925,
           2.2311,
           1.1412,
           2.0815,
           2.5749,
           2.6605,
           1.7832,
           3.1039999999999996,
           1.9685,
           1.4469,
           4.3583,
           2.8477,
           1.7267,
           3.7680000000000002,
           1.8251,
           1.1931,
           1.2087,
           1.3208,
           3.1183,
           2.8336,
           1.1355,
           4.3868,
           0.7284,
           4.4229,
           2.1107,
           0.9055,
           1.2875,
           2.4751,
           2.7447,
           0.8564,
           2.4419,
           1.3205,
           4.5287,
           3.4215,
           2.7602,
           1.9105,
           1.1624,
           4.5533,
           2.9739,
           1.254,
           1.3279,
           1.3189,
           2.2885,
           1.5821,
           1.6731,
           2.4021,
           1.4369,
           2.1433,
           1.8706,
           0.8826,
           1.0907,
           1.6601,
           3.3218,
           2.2205,
           0.5201,
           1.9916,
           1.3821,
           0.6581,
           1.4875,
           0.9567,
           3.713,
           4.2315,
           2.5807,
           1.5225,
           1.1345,
           1.6363,
           1.3118,
           0.7954,
           3.0429,
           1.8225,
           1.0288,
           2.8409,
           1.3039,
           1.1451,
           2.74,
           3.5939,
           2.0071,
           1.4898,
           2.3173,
           3.8912,
           1.6717,
           2.0765,
           1.7724,
           1.1948,
           2.9763,
           3.7819,
           1.2874,
           2.8023,
           3.2712,
           0.2269,
           1.0992,
           2.3744,
           1.4101,
           2.2921,
           1.6084,
           0.0057,
           1.5419999999999998,
           0.9326,
           0.7642,
           0.8236,
           3.0975,
           1.3454,
           2.2842,
           2.5184,
           1.8531,
           2.8972,
           1.3787,
           0.9599,
           2.9427,
           1.3646,
           0.9788,
           2.5995,
           1.4629,
           1.6933,
           2.8337,
           2.1158,
           1.7484,
           1.6209,
           0.9236,
           2.0286,
           2.8162,
           2.2471,
           3.2171,
           1.74,
           3.6911,
           1.3259,
           2.5352,
           0.8687,
           2.3682,
           1.6204,
           2.2109,
           3.2642,
           0.2717,
           3.6274,
           4.4769,
           1.7267,
           0.6522,
           2.6033,
           3.8839,
           3.0661,
           3.5951,
           2.1162,
           3.418,
           1.8123,
           0.8434,
           0.8462,
           2.7715,
           1.0097,
           1.7883,
           1.4478,
           2.7543,
           1.9108,
           1.7464,
           0.7197,
           1.6992,
           1.7266,
           1.4215,
           1.1263,
           3.7185,
           2.9058,
           5.2457,
           2.9651,
           2.1593,
           1.4693,
           1.734,
           2.4276,
           2.3442,
           1.801,
           3.5374,
           1.6208,
           3.1271,
           1.633,
           1.6016,
           3.1657,
           2.6046,
           0.5848,
           0.6571,
           3.3875,
           1.0097,
           3.9333,
           2.2106,
           0.5710000000000001,
           1.4163,
           1.0463,
           0.968,
           1.1821,
           0.9993,
           0.9901,
           0.9774,
           2.4882,
           2.6708,
           3.4592,
           2.0151,
           2.5282,
           1.9601,
           2.5689,
           2.434,
           2.9478,
           1.8406,
           1.1484,
           1.2206,
           0.1835,
           1.198,
           3.1744,
           3.2689,
           1.9401,
           1.0129,
           0.7927,
           2.2309,
           2.5969,
           1.7009999999999998,
           3.3117,
           0.2961,
           2.157,
           1.2023,
           2.6983,
           0.9142,
           1.8456,
           1.3441,
           1.2512,
           3.6074,
           0.7307,
           1.7518,
           1.376,
           1.6946,
           1.0994,
           3.1538,
           1.6776,
           0.8212,
           2.2461,
           1.1464,
           0.9547,
           1.0527,
           3.6851,
           1.6896,
           3.4586,
           1.5121,
           3.2643,
           1.9622,
           1.3185,
           2.279,
           2.8953,
           1.5085,
           1.4383,
           2.1714,
           1.1308,
           2.4319,
           1.3238,
           3.4819,
           3.5084,
           1.8563,
           1.73,
           2.388,
           1.4197,
           2.3688,
           3.1047,
           1.5504,
           1.3028,
           3.8447,
           3.9937,
           1.4026,
           3.9417,
           1.7771,
           1.8084,
           0.8640000000000001,
           3.1106,
           4.2465,
           1.3244,
           1.2993,
           1.1538,
           1.1609,
           1.1069,
           1.5702,
           1.011,
           1.4918,
           1.6612,
           0.2331,
           1.6725,
           3.5261,
           2.1405,
           4.1679,
           4.2708,
           1.7981,
           2.0802,
           2.013,
           0.9927,
           2.5015,
           1.693,
           2.633,
           1.9107,
           1.2082,
           2.006,
           2.7611,
           2.2744,
           2.2113,
           3.0961,
           1.3714,
           2.5022,
           2.9121,
           3.1325,
           3.0686,
           2.1113,
           1.2205,
           3.0261,
           0.904,
           0.9876,
           3.1697,
           2.9351,
           3.707,
           4.3482,
           2.9433,
           2.4794,
           2.2203,
           0.7527,
           1.226,
           2.6663,
           0.8886,
           1.4785,
           1.9072,
           0.8366,
           3.3621,
           3.6328,
           2.6114,
           2.6277,
           5.2457,
           0.9641,
           1.6792,
           1.6904,
           1.0881,
           3.5516,
           1.0647,
           0.5816,
           4.086,
           0.9171,
           0.4244,
           2.8878,
           0.9692,
           2.5356,
           1.2028,
           0.2022,
           1.3463,
           1.1048,
           2.9360000000000004,
           1.4332,
           0.4905,
           1.265,
           0.7821,
           4.5326,
           1.7178,
           0.9587,
           2.5386,
           1.903,
           1.1483,
           2.16,
           2.2564,
           1.3726,
           2.5991,
           3.6205,
           1.5327,
           2.5688,
           3.0249,
           1.3395,
           2.333,
           1.7737,
           1.6914,
           1.4373,
           1.2523,
           1.9526,
           1.3279,
           1.4538,
           2.3759,
           1.1917,
           2.2826,
           0.9359999999999999,
           4.478,
           1.2802,
           2.5224,
           0.3323,
           1.5745,
           1.7023,
           1.7066,
           0.9376,
           1.035,
           2.7467,
           1.9847,
           1.5602,
           1.6068,
           0.9359999999999999,
           1.5468,
           1.6087,
           3.3811,
           2.0344,
           0.8008,
           1.0025,
           0.5225,
           3.9718,
           1.6842,
           1.3113,
           2.0946,
           1.2702,
           1.5188,
           2.1848,
           2.0414,
           3.3519,
           2.0698,
           1.29,
           2.1608,
           1.3131,
           2.7164,
           1.6036,
           1.3542,
           3.9988,
           1.4595,
           3.3241,
           3.2683,
           4.3363,
           1.2998,
           2.713,
           2.4484,
           0.3494,
           0.435,
           1.9085,
           2.4214,
           1.5863,
           1.3492,
           1.4916,
